4 0.11454326923076923 0.05032051282051282 0.084375 0.041666666666666664
6 0.15096153846153845 0.05512820512820513 0.011057692307692308 0.015384615384615385
6 0.1951923076923077 0.5738782051282051 0.016346153846153847 0.021474358974358974
26 0.15252403846153847 0.7495192307692308 0.061778846153846156 0.10032051282051282
35 0.07487980769230769 0.6302884615384615 0.09927884615384615 0.1189102564102564
35 0.1987980769230769 0.6407051282051283 0.05961538461538462 0.06346153846153846
35 0.8020432692307692 0.13862179487179488 0.13245192307692308 0.11570512820512821
54 0.9436298076923076 0.15096153846153845 0.014182692307692308 0.10961538461538461
57 0.90625 0.22948717948717948 0.09038461538461538 0.09487179487179487
38 0.9033653846153846 0.777724358974359 0.1201923076923077 0.14647435897435898
57 0.7453125 0.6661858974358974 0.03293269230769231 0.03942307692307692
38 0.8662259615384615 0.9862179487179488 0.03245192307692308 0.02564102564102564
45 0.45721153846153845 0.7844551282051282 0.07596153846153846 0.25416666666666665
35 0.40420673076923075 0.12371794871794872 0.07475961538461538 0.05128205128205128
35 0.6236778846153846 0.5581730769230769 0.04879807692307692 0.04326923076923077