35 0.6899572756410257 0.8531364423076923 0.1365384615384616 0.13990384615384616
35 0.5554411057692308 0.6190018269230769 0.07669413461538459 0.08557692307692308
35 0.5904761538461538 0.455088125 0.06474358974358975 0.07235576923076924
35 0.329578733974359 0.2606227043269231 0.06923073717948715 0.05288459134615382
35 0.2729395512820513 0.20171701923076923 0.08012820512820513 0.06826923076923076
35 0.035416666666666666 0.8929200961538462 0.06698717948717949 0.1362980769230769
35 0.720383076923077 0.36761677884615385 0.03621794871794872 0.04903846153846154
35 0.4304944871794872 0.2619391105769231 0.05064102564102564 0.05096153846153846
26 0.9460623076923076 0.40457875000000004 0.03141025641025641 0.02548076923076923
28 0.9721458974358975 0.35157966346153846 0.01282051282051282 0.013461538461538462
35 0.701602564102564 0.22451923076923078 0.05064102564102564 0.04903846153846154
35 0.21185897435897436 0.3418269230769231 0.06217948717948718 0.02403846153846154