38 0.9571666666666667 0.167625 0.03233333333333333 0.01375
38 0.9325 0.18475 0.061 0.021
38 0.8563333333333333 0.21825 0.04066666666666666 0.0295
35 0.8235 0.241375 0.06833333333333333 0.06025
38 0.6713333333333333 0.391875 0.05 0.03375
38 0.6501666666666667 0.46225 0.06566666666666666 0.0655
38 0.6035 0.434625 0.11166666666666666 0.05525
38 0.6655 0.43875 0.07433333333333333 0.0345
38 0.4725 0.47475 0.09633333333333334 0.0675
38 0.447 0.401 0.08733333333333333 0.0455
35 0.4395 0.360625 0.06966666666666667 0.06075
35 0.336 0.403125 0.15533333333333332 0.10375
35 0.23416666666666666 0.618375 0.123 0.08725
35 0.23533333333333334 0.55825 0.08266666666666667 0.0495
35 0.3115 0.672875 0.075 0.07025
35 0.5293333333333333 0.69925 0.136 0.0915
35 0.5261666666666667 0.602 0.18966666666666668 0.16
35 0.5615 0.498 0.047 0.0625
35 0.6316666666666667 0.53425 0.058 0.052
57 0.527 0.4555 0.04466666666666667 0.0355
41 0.4 0.6835 0.11866666666666667 0.092
41 0.39916666666666667 0.654375 0.109 0.05575
38 0.5408333333333334 0.784375 0.11966666666666667 0.06025
38 0.4365 0.61525 0.073 0.067
38 0.4841666666666667 0.60475 0.081 0.077
38 0.3555 0.593875 0.11566666666666667 0.06075
38 0.17783333333333334 0.69925 0.065 0.0575
35 0.2505 0.783625 0.069 0.03675
38 0.28833333333333333 0.806625 0.06533333333333333 0.06125
38 0.42816666666666664 0.75125 0.15566666666666668 0.099
3 0.193 0.514375 0.059333333333333335 0.07075
38 0.2683333333333333 0.479 0.08333333333333333 0.0295
38 0.25483333333333336 0.326875 0.04833333333333333 0.02225
38 0.17333333333333334 0.92225 0.038 0.0295
38 0.5185 0.622625 0.043 0.04675
38 0.36483333333333334 0.532 0.029666666666666668 0.0225
38 0.3273333333333333 0.563375 0.02666666666666667 0.02775
38 0.2965 0.59425 0.028333333333333332 0.0275