58 0.4144912985274431 0.19437123493975902 0.16633199464524764 0.06419427710843373
7 0.4740629183400268 0.5032944277108434 0.1569611780455154 0.08678463855421686
57 0.10257697456492637 0.3879894578313253 0.07195448460508702 0.038403614457831324
28 0.9693775100401606 0.3125941265060241 0.02108433734939759 0.00470632530120482
28 0.9091365461847389 0.40239081325301207 0.019745649263721552 0.01637801204819277
28 0.9148259705488622 0.4535956325301205 0.023761713520749666 0.014118975903614458
28 0.9780789825970548 0.5431099397590361 0.04183400267737617 0.007530120481927711
28 0.9861111111111112 0.5959149096385542 0.024431057563587683 0.013742469879518071
28 0.9243641231593038 0.5778426204819277 0.02744310575635877 0.01223644578313253
28 0.910475234270415 0.7064194277108434 0.055220883534136546 0.01637801204819277
28 0.8572623828647925 0.9380647590361446 0.013721552878179385 0.01016566265060241
28 0.5505354752342704 0.8929781626506024 0.038821954484605084 0.022778614457831324
28 0.4722222222222222 0.7749435240963856 0.004016064257028112 0.009600903614457831
28 0.5048527443105756 0.8521272590361446 0.009705488621151271 0.008847891566265061
28 0.32312583668005357 0.8894954819277109 0.025769745649263723 0.014683734939759037
28 0.3432061579651941 0.8938253012048193 0.012382864792503346 0.01581325301204819
28 0.05823293172690763 0.23089231927710843 0.022757697456492636 0.017507530120481927
28 0.04484605087014726 0.2444465361445783 0.020749665327978582 0.021272590361445784
28 0.7441432396251674 0.49661144578313254 0.03848728246318608 0.029367469879518073
28 0.7632195448460509 0.6136106927710844 0.019745649263721552 0.023531626506024098
28 0.803045515394913 0.5897025602409639 0.02710843373493976 0.020896084337349397
28 0.625 0.5955384036144579 0.02643908969210174 0.023531626506024098
28 0.6367135207496654 0.6286709337349398 0.023092369477911646 0.012989457831325301
28 0.3826974564926372 0.5648531626506024 0.014390896921017403 0.016754518072289157
28 0.4146586345381526 0.4537838855421687 0.03748326639892905 0.017884036144578314
28 0.5451807228915663 0.16528614457831325 0.038821954484605084 0.010542168674698794
28 0.11830655957161981 0.44145331325301207 0.01572958500669344 0.005647590361445783