28 0.7433215725806451 0.23790322580645162 0.01940524193548387 0.024193548387096774
58 0.09727822580645161 0.14768145161290322 0.02217741935483871 0.050739247311827954
58 0.029737903225806453 0.5033602150537635 0.009072580645161291 0.1364247311827957
58 0.2313508064516129 0.9044018817204301 0.028729838709677418 0.050067204301075266
28 0.7370211693548387 0.9359879032258065 0.02242943548387097 0.062163978494623656
28 0.6287802419354839 0.694388440860215 0.006048387096774193 0.011760752688172043
28 0.4639616935483871 0.712869623655914 0.006048387096774193 0.011760752688172043
28 0.4285534274193548 0.6327284946236559 0.020917338709677418 0.02956989247311828
28 0.3460181451612903 0.6370967741935484 0.00655241935483871 0.009408602150537635
28 0.2696572580645161 0.932627688172043 0.008568548387096774 0.01310483870967742
28 0.1344506048387097 0.813508064516129 0.023941532258064516 0.05174731182795699
28 0.7266885080645161 0.29653897849462363 0.011844758064516129 0.009744623655913979
57 0.40423387096774194 0.552755376344086 0.061995967741935484 0.06653225806451613
58 0.10219254032258064 0.5530913978494624 0.015877016129032258 0.046370967741935484
58 0.18208165322580644 0.8395497311827957 0.038558467741935484 0.032594086021505375
58 0.23450100806451613 0.9574932795698925 0.025957661290322582 0.02049731182795699
28 0.6977066532258065 0.5767809139784946 0.0078125 0.009744623655913979