16 0.26344086021505375 0.28049395161290325 0.1303763440860215 0.03125
16 0.34711021505376344 0.35345262096774194 0.06048387096774194 0.24168346774193547
4 0.5290658602150538 0.4373739919354839 0.047379032258064516 0.028981854838709676
6 0.5095766129032258 0.44770665322580644 0.007728494623655914 0.006300403225806451
6 0.47614247311827956 0.29397681451612906 0.009408602150537635 0.005292338709677419
6 0.4981518817204301 0.24344758064516128 0.009072580645161291 0.003528225806451613
4 0.49764784946236557 0.26638104838709675 0.020833333333333332 0.046875
20 0.5280577956989247 0.2786038306451613 0.026545698924731184 0.02746975806451613
38 0.5320900537634409 0.2589465725806452 0.04200268817204301 0.014868951612903226
35 0.3607190860215054 0.10609879032258064 0.02788978494623656 0.05846774193548387
58 0.6496975806451613 0.6745211693548387 0.019153225806451613 0.0073084677419354835