58 0.3629032258064516 0.014868951612903226 0.020161290322580645 0.012096774193548387
58 0.40910618279569894 0.03263608870967742 0.006384408602150538 0.011340725806451613
58 0.44993279569892475 0.09236391129032258 0.02486559139784946 0.01839717741935484
58 0.6344086021505376 0.04359879032258065 0.010752688172043012 0.017137096774193547
58 0.5149529569892473 0.11529737903225806 0.02721774193548387 0.0078125
58 0.9479166666666666 0.1336945564516129 0.03494623655913978 0.01688508064516129
58 0.7540322580645161 0.15574596774193547 0.008736559139784945 0.008568548387096774
58 0.3316532258064516 0.6460433467741935 0.02956989247311828 0.017893145161290324
50 0.3072916666666667 0.5530493951612904 0.3699596774193548 0.12273185483870967
6 0.3978494623655914 0.6363407258064516 0.02620967741935484 0.02066532258064516
28 0.527385752688172 0.5350302419354839 0.01243279569892473 0.012096774193548387
28 0.5715725806451613 0.6309223790322581 0.020833333333333332 0.016381048387096774
57 0.16985887096774194 0.6086189516129032 0.017809139784946238 0.005040322580645161
57 0.27352150537634407 0.5914818548387096 0.018145161290322582 0.025705645161290324
57 0.2950268817204301 0.38470262096774194 0.020833333333333332 0.014364919354838709
58 0.2662970430107527 0.22265625 0.02788978494623656 0.015877016129032258