58 0.34772423025435073 0.12622364457831325 0.02677376171352075 0.012989457831325301
58 0.3276439089692102 0.16594503012048192 0.018072289156626505 0.01148343373493976
58 0.39390896921017404 0.234375 0.012717536813922356 0.014683734939759037
58 0.4024431057563588 0.26731927710843373 0.024431057563587683 0.015060240963855422
58 0.5153949129852744 0.3287838855421687 0.028781793842034806 0.017507530120481927
19 0.5070281124497992 0.39194277108433734 0.10040160642570281 0.051957831325301206
19 0.5493641231593038 0.38667168674698793 0.03313253012048193 0.04555722891566265
58 0.4747322623828648 0.44117093373493976 0.01104417670682731 0.020143072289156627
58 0.6079317269076305 0.5890436746987951 0.045180722891566265 0.010542168674698794
58 0.5425033467202142 0.643542921686747 0.07028112449799197 0.02240210843373494
58 0.8726572958500669 0.7159262048192772 0.04049531459170013 0.030120481927710843
58 0.27041499330655955 0.4382530120481928 0.02208835341365462 0.016566265060240965
58 0.24497991967871485 0.38874246987951805 0.029451137884872823 0.011671686746987951
57 0.45917001338688085 0.5532756024096386 0.04216867469879518 0.013177710843373495
57 0.49113119143239625 0.4897402108433735 0.043842034805890225 0.013365963855421686
19 0.5828313253012049 0.6829819277108434 0.1388888888888889 0.08019578313253012
58 0.7063253012048193 0.7433170180722891 0.09337349397590361 0.027673192771084338
31 0.9578313253012049 0.8976844879518072 0.07095046854082998 0.01901355421686747
57 0.6181392235609103 0.6394013554216867 0.02610441767068273 0.025414156626506024
58 0.6944444444444444 0.9838102409638554 0.06358768406961178 0.032003012048192774
57 0.6857429718875502 0.9134977409638554 0.03547523427041499 0.024284638554216868
57 0.5426706827309237 0.6007153614457831 0.035140562248995984 0.015060240963855422
57 0.28413654618473894 0.10777484939759036 0.024096385542168676 0.0035768072289156625
57 0.6397255689424364 0.9897402108433735 0.05187416331994645 0.018637048192771084