54 0.22632211538461539 0.4477564102564103 0.22091346153846153 0.4378205128205128
26 0.17548076923076922 0.38221153846153844 0.33076923076923076 0.33942307692307694
20 0.18689903846153846 0.45753205128205127 0.3540865384615385 0.48878205128205127
35 0.3644230769230769 0.2046474358974359 0.10673076923076923 0.09775641025641026
20 0.8334134615384615 0.42948717948717946 0.33125 0.4391025641025641
26 0.8512019230769231 0.3762820512820513 0.2951923076923077 0.3314102564102564
54 0.8778846153846154 0.328525641025641 0.24182692307692308 0.20064102564102565
35 0.6834134615384615 0.8461538461538461 0.08076923076923077 0.1596153846153846
35 0.4461538461538462 0.955448717948718 0.2831730769230769 0.08782051282051281
35 0.045072115384615384 0.5594551282051282 0.09014423076923077 0.14134615384615384
38 0.4360576923076923 0.46955128205128205 0.17740384615384616 0.3858974358974359