4 0.49113119143239625 0.6144578313253012 0.17369477911646586 0.04292168674698795
58 0.5081994645247657 0.5041415662650602 0.023761713520749666 0.005647590361445783
58 0.57095046854083 0.5549698795180723 0.024096385542168676 0.006400602409638554
58 0.8313253012048193 0.40625 0.02208835341365462 0.005271084337349397
58 0.6393908969210174 0.4214984939759036 0.01104417670682731 0.009036144578313253
58 0.2565261044176707 0.6390248493975904 0.03112449799196787 0.005082831325301205
58 0.5061914323962516 0.8133471385542169 0.02108433734939759 0.01148343373493976
58 0.9519745649263721 0.3661521084337349 0.011713520749665328 0.007153614457831325
58 0.9585006693440429 0.20114834337349397 0.011378848728246318 0.003953313253012048
58 0.946619812583668 0.23776355421686746 0.01572958500669344 0.0037650602409638554
58 0.785809906291834 0.24209337349397592 0.013386880856760375 0.0037650602409638554
58 0.7975234270414994 0.2520707831325301 0.011378848728246318 0.004141566265060241
58 0.41532797858099063 0.3079819277108434 0.01740294511378849 0.0026355421686746986
58 0.44360776439089694 0.29339231927710846 0.01706827309236948 0.00470632530120482
58 0.6323627844712182 0.2893448795180723 0.01706827309236948 0.005271084337349397
58 0.5943775100401606 0.27786144578313254 0.0107095046854083 0.007530120481927711
58 0.48443775100401604 0.28717996987951805 0.005689424364123159 0.0062123493975903615
58 0.25167336010709507 0.3369728915662651 0.015394912985274432 0.004894578313253012
58 0.05488621151271754 0.4479480421686747 0.014056224899598393 0.007718373493975903
58 0.11997991967871485 0.47044427710843373 0.01104417670682731 0.006024096385542169
58 0.37198795180722893 0.6433546686746988 0.018406961178045515 0.00809487951807229
58 0.5031793842034806 0.7188441265060241 0.019745649263721552 0.011859939759036145
57 0.7279116465863453 0.36135165662650603 0.011378848728246318 0.005082831325301205
58 0.2282463186077644 0.5347326807228916 0.013386880856760375 0.007718373493975903
58 0.042336010709504684 0.42582831325301207 0.005689424364123159 0.007153614457831325