5 0.5363051470588235 0.3137254901960784 0.06158088235294118 0.06372549019607843
5 0.6429227941176471 0.47120098039215685 0.06893382352941177 0.11642156862745098
8 0.5263480392156863 0.42483660130718953 0.012867647058823529 0.014705882352941176
8 0.5409007352941176 0.4646650326797386 0.017463235294117647 0.028186274509803922
8 0.7535232843137255 0.4854983660130719 0.04197303921568627 0.05759803921568627
8 0.8881740196078431 0.5604575163398693 0.03431372549019608 0.03022875816993464
8 0.7377450980392157 0.3792892156862745 0.011642156862745098 0.012663398692810458
8 0.6364889705882353 0.3756127450980392 0.008272058823529412 0.011029411764705883
8 0.6047794117647058 0.27736928104575165 0.015318627450980392 0.042483660130718956
8 0.5724571078431373 0.38031045751633985 0.015625 0.011437908496732025
8 0.5882352941176471 0.45098039215686275 0.018995098039215685 0.013888888888888888
8 0.672640931372549 0.46119281045751637 0.017463235294117647 0.0196078431372549
8 0.5497855392156863 0.5290032679738562 0.013786764705882353 0.026143790849673203
8 0.48973651960784315 0.6323529411764706 0.05177696078431373 0.02287581699346405
8 0.35738357843137253 0.6397058823529411 0.015012254901960785 0.018790849673202614
8 0.6292892156862745 0.6084558823529411 0.0196078431372549 0.0625
8 0.6755514705882353 0.5584150326797386 0.052083333333333336 0.05065359477124183
8 0.6102941176470589 0.6832107843137255 0.02022058823529412 0.017565359477124183
8 0.6018688725490197 0.525531045751634 0.04197303921568627 0.024918300653594773
8 0.6683517156862745 0.6017156862745098 0.009497549019607842 0.021241830065359478
8 0.7100183823529411 0.5600490196078431 0.021752450980392156 0.04411764705882353
8 0.719515931372549 0.6258169934640523 0.016237745098039217 0.010620915032679739
8 0.6928615196078431 0.627859477124183 0.015012254901960785 0.018790849673202614
8 0.6887254901960784 0.641952614379085 0.007352941176470588 0.027369281045751634
8 0.7087928921568627 0.6542075163398693 0.010723039215686275 0.014297385620915032
8 0.524203431372549 0.5870098039215687 0.011642156862745098 0.012254901960784314
8 0.6456801470588235 0.6188725490196079 0.014399509803921568 0.022058823529411766
8 0.5022977941176471 0.8280228758169934 0.01685049019607843 0.014705882352941176
8 0.6691176470588235 0.6252042483660131 0.011642156862745098 0.011029411764705883
8 0.6825980392156863 0.6262254901960784 0.00428921568627451 0.013888888888888888
8 0.6230085784313726 0.7281454248366013 0.017463235294117647 0.010212418300653595
8 0.6660539215686274 0.6437908496732027 0.011029411764705883 0.013071895424836602
8 0.6122855392156863 0.5439133986928104 0.007659313725490196 0.006944444444444444
8 0.5891544117647058 0.6147875816993464 0.006740196078431373 0.010620915032679739
8 0.6453737745098039 0.738562091503268 0.013174019607843137 0.011437908496732025
8 0.7454044117647058 0.7683823529411765 0.006740196078431373 0.02042483660130719
8 0.8307291666666666 0.8008578431372549 0.006433823529411764 0.015931372549019607
8 0.6528799019607843 0.35498366013071897 0.00980392156862745 0.00980392156862745
8 0.6530330882352942 0.6366421568627451 0.011948529411764705 0.007761437908496732
8 0.6420036764705882 0.6466503267973857 0.005208333333333333 0.013071895424836602
8 0.6482843137254902 0.7085375816993464 0.006740196078431373 0.016748366013071895
8 0.6583946078431373 0.7203839869281046 0.007352941176470588 0.010212418300653595
8 0.6701899509803921 0.4464869281045752 0.013174019607843137 0.010620915032679739
8 0.6844362745098039 0.4904003267973856 0.007352941176470588 0.007761437908496732
8 0.3164828431372549 0.4667075163398693 0.02696078431372549 0.01511437908496732
8 0.6907169117647058 0.8833741830065359 0.018688725490196078 0.00857843137254902
8 0.8408394607843137 0.735498366013072 0.013786764705882353 0.015931372549019607
8 0.6295955882352942 0.3686683006535948 0.00857843137254902 0.0053104575163398695
8 0.8967524509803921 0.25245098039215685 0.00980392156862745 0.014705882352941176
8 0.9088541666666666 0.2549019607843137 0.013174019607843137 0.014705882352941176
8 0.9065563725490197 0.23794934640522875 0.02144607843137255 0.01919934640522876
8 0.9243259803921569 0.2326388888888889 0.011642156862745098 0.00857843137254902
8 0.5977328431372549 0.9626225490196079 0.02022058823529412 0.010212418300653595
58 0.7380514705882353 0.013071895424836602 0.018995098039215685 0.010620915032679739