11 0.26685049019607837 0.5120506535947712 0.04656862745098039 0.12377450980392166
11 0.3094362745098039 0.5004084967320259 0.04718137254901961 0.13643790849673193
11 0.3509497549019608 0.508986928104575 0.04871323529411758 0.1446078431372548
11 0.39736519607843135 0.534313725490196 0.049019607843137254 0.12418300653594772
11 0.43964460784313725 0.5210375816993463 0.049019607843137254 0.13929738562091504
11 0.4799325980392156 0.502859477124183 0.043198529411764844 0.13071895424836602
11 0.5212928921568627 0.502859477124183 0.043198529411764566 0.1454248366013071
11 0.5635723039215685 0.52859477124183 0.046875 0.1462418300653593
4 0.6043198529411763 0.5292075163398692 0.043198529411764774 0.1940359477124183
11 0.6715686274509803 0.5565767973856209 0.061887254901960786 0.1343954248366013
11 0.520220588235294 0.6215277777777777 0.11397058823529412 0.060866013071895236
11 0.4131433823529411 0.6203022875816991 0.10018382352941177 0.054330065359477216
11 0.30330882352941174 0.6164215686274509 0.11397058823529412 0.060457516339869094
57 0.24601715686274506 0.5976307189542484 0.028186274509803853 0.03594771241830065
49 0.3164828431372549 0.5549428104575163 0.01593137254901964 0.019199346405228943
49 0.35232843137254904 0.5733251633986927 0.012254901960784314 0.00857843137254902
49 0.4312193627450979 0.5784313725490197 0.013174019607843137 0.008169934640522876
49 0.47778799019607837 0.5539215686274509 0.010110294117646919 0.010620915032679925
49 0.5219056372549018 0.5653594771241829 0.010723039215686205 0.006535947712418115
57 0.44837622549019596 0.3374183006535948 0.024816176470588303 0.015522875816993511
57 0.4140625 0.3410947712418301 0.03768382352941176 0.022058823529411766
57 0.3867953431372549 0.35232843137254904 0.023590686274509803 0.03799019607843133
57 0.6507352941176471 0.3913398692810457 0.02267156862745112 0.035130718954248456
57 0.611672794117647 0.9066584967320261 0.006433823529411764 0.02328431372549001
6 0.6066176470588235 0.6178513071895424 0.02022058823529412 0.01511437908496732