4 0.5320669934640523 0.6986825980392157 0.2062908496732026 0.1246936274509804
6 0.4438316993464052 0.7454044117647058 0.0298202614379085 0.030637254901960783
58 0.5071486928104575 0.7651654411764706 0.024101307189542485 0.02420343137254902
58 0.5281862745098039 0.7706801470588235 0.011437908496732025 0.018075980392156864
30 0.6047794117647058 0.32567401960784315 0.07393790849673203 0.061887254901960786
11 0.5263480392156863 0.17677696078431374 0.11151960784313726 0.06985294117647059
49 0.5602532679738562 0.15395220588235295 0.024101307189542485 0.008884803921568627
58 0.5247140522875817 0.044270833333333336 0.01184640522875817 0.016237745098039217
58 0.5761846405228758 0.01914828431372549 0.02246732026143791 0.01011029411764706
58 0.5890522875816994 0.2028186274509804 0.026143790849673203 0.012254901960784314
58 0.5463643790849673 0.1724877450980392 0.03227124183006536 0.014093137254901961
57 0.5900735294117647 0.08042279411764706 0.0363562091503268 0.013786764705882353
58 0.5943627450980392 0.1014093137254902 0.027777777777777776 0.013480392156862746