8 0.6019199346405228 0.2270220588235294 0.042075163398692814 0.051470588235294115
8 0.4285130718954248 0.21721813725490197 0.016339869281045753 0.010416666666666666
8 0.6401143790849673 0.1559436274509804 0.013071895424836602 0.011642156862745098
8 0.3243464052287582 0.32965686274509803 0.010620915032679739 0.016544117647058824
8 0.3764297385620915 0.32169117647058826 0.010212418300653595 0.010416666666666666
8 0.4797794117647059 0.3471200980392157 0.013480392156862746 0.014093137254901961
8 0.514501633986928 0.3776041666666667 0.016748366013071895 0.03768382352941176
8 0.4881535947712418 0.36917892156862747 0.008986928104575163 0.006127450980392157
8 0.4846813725490196 0.2538296568627451 0.01919934640522876 0.0070465686274509805
8 0.5655637254901961 0.32628676470588236 0.014297385620915032 0.007352941176470588
8 0.5669934640522876 0.3443627450980392 0.00980392156862745 0.007352941176470588
8 0.42810457516339867 0.48253676470588236 0.02042483660130719 0.013480392156862746
8 0.42606209150326796 0.4303002450980392 0.011437908496732025 0.013174019607843137
8 0.4675245098039216 0.49172794117647056 0.025735294117647058 0.01838235294117647
8 0.45159313725490197 0.7388174019607843 0.09027777777777778 0.10018382352941177
8 0.6317401960784313 0.7066482843137255 0.10253267973856209 0.08854166666666667
8 0.4207516339869281 0.7806372549019608 0.028594771241830064 0.0196078431372549
8 0.44342320261437906 0.7835477941176471 0.02900326797385621 0.01685049019607843
8 0.5187908496732027 0.6265318627450981 0.014705882352941176 0.00857843137254902
8 0.5821078431372549 0.6263786764705882 0.014705882352941176 0.013786764705882353
8 0.32945261437908496 0.5899203431372549 0.010212418300653595 0.011948529411764705
8 0.5506535947712419 0.9341299019607843 0.02287581699346405 0.026348039215686275
8 0.582312091503268 0.4342830882352941 0.0053104575163398695 0.01133578431372549
8 0.3937908496732026 0.07567401960784313 0.00980392156862745 0.013480392156862746
8 0.5049019607843137 0.36243872549019607 0.010620915032679739 0.012254901960784314
57 0.10723039215686274 0.32138480392156865 0.027369281045751634 0.017769607843137254
58 0.6254084967320261 0.5678615196078431 0.010620915032679739 0.018688725490196078
8 0.13112745098039216 0.20098039215686275 0.016339869281045753 0.01715686274509804