37 0.07184436274509803 0.018995098039215685 0.14368872549019607 0.03799019607843137
4 0.6775428921568627 0.45465686274509803 0.04381127450980378 0.020424836601307096
58 0.8031556372549019 0.4783496732026144 0.010723039215686413 0.004901960784313725
28 0.22058823529411764 0.5236928104575164 0.012867647058823494 0.006535947712418301
28 0.6268382352941175 0.47324346405228757 0.007352941176470519 0.006127450980392157
58 0.7538296568627451 0.5418709150326797 0.012561274509803782 0.0093954248366014
57 0.9214154411764706 0.5565767973856209 0.008884803921568488 0.007761437908496639
32 0.7325367647058824 0.43361928104575154 0.00857843137254916 0.01511437908496732
32 0.45419730392156865 0.4133986928104575 0.019301470588235364 0.020424836601307235
57 0.46813725490196073 0.42544934640522875 0.02022058823529412 0.011029411764705883
58 0.24494485294117646 0.42585784313725483 0.016850490196078396 0.02736928104575159
58 0.13587622549019607 0.5071486928104575 0.010723039215686275 0.0053104575163398695
28 0.05744485294117647 0.4389297385620915 0.015012254901960785 0.016748366013071895
58 0.6200980392156863 0.5353349673202614 0.009191176470588236 0.007761437908496732
57 0.8131127450980392 0.5659722222222222 0.017769607843137254 0.011029411764705883
46 0.8648897058823529 0.46568627450980393 0.03615196078431373 0.01715686274509804
57 0.8552389705882353 0.4293300653594771 0.035845588235294115 0.01715686274509804
57 0.9215686274509803 0.46425653594771243 0.011642156862745098 0.007761437908496732
57 0.9201899509803921 0.5075571895424836 0.023590686274509803 0.011029411764705883
57 0.6858149509803921 0.42606209150326796 0.015012254901960785 0.007352941176470588
8 0.5237438725490197 0.47467320261437906 0.008272058823529412 0.006535947712418301
57 0.4875919117647059 0.43586601307189543 0.010723039215686275 0.007352941176470588