19 0.8535539215686274 0.2925857843137255 0.1736111111111111 0.13419117647058823
26 0.8694852941176471 0.2112438725490196 0.18423202614379086 0.1014093137254902
5 0.46711601307189543 0.6590073529411765 0.09844771241830065 0.22732843137254902
58 0.3055555555555556 0.696078431372549 0.027777777777777776 0.02389705882352941
58 0.3939950980392157 0.5813419117647058 0.028186274509803922 0.012561274509803922
58 0.27144607843137253 0.8877144607843137 0.05106209150326797 0.010723039215686275
58 0.1881127450980392 0.8538602941176471 0.04370915032679738 0.018995098039215685
20 0.32536764705882354 0.49203431372549017 0.19321895424836602 0.09681372549019608
26 0.4178921568627451 0.49693627450980393 0.07924836601307189 0.08823529411764706
54 0.40236928104575165 0.49846813725490197 0.2647058823529412 0.06862745098039216
58 0.4270833333333333 0.5110294117647058 0.020016339869281044 0.012254901960784314
58 0.4803921568627451 0.5090379901960784 0.028594771241830064 0.011948529411764705
58 0.3321078431372549 0.9799325980392157 0.024509803921568627 0.026041666666666668
58 0.4624183006535948 0.37285539215686275 0.008986928104575163 0.017769607843137254