39 0.22763480392156862 0.39624183006535946 0.24080882352941177 0.35049019607843135
5 0.18060661764705882 0.3486519607843137 0.03339460784313722 0.04044117647058824
5 0.13174019607843138 0.29758986928104575 0.03308823529411766 0.03880718954248361
5 0.13618259803921567 0.26960784313725483 0.02910539215686273 0.05473856209150327
38 0.16069240196078433 0.33088235294117646 0.040134803921568644 0.05800653594771242
51 0.6703431372549019 0.4609885620915033 0.05453431372549006 0.12295751633986933
15 0.7081801470588235 0.27593954248366015 0.0799632352941178 0.09517973856209146
32 0.654564950980392 0.3180147058823529 0.06280637254901954 0.04044117647058824
32 0.8193933823529411 0.11233660130718955 0.023590686274509803 0.013888888888888912
32 0.7512254901960784 0.3202614379084967 0.02573529411764692 0.024509803921568582
7 0.7152267156862744 0.16973039215686275 0.009497549019607842 0.010212418300653617
7 0.7423406862745098 0.15890522875816993 0.011029411764705883 0.008986928104575187
7 0.47671568627450983 0.13031045751633985 0.009191176470588305 0.008986928104575163
7 0.37469362745098034 0.2979983660130719 0.012254901960784314 0.010212418300653595
7 0.44286151960784315 0.3010620915032679 0.011948529411764636 0.011437908496732025
7 0.5764399509803921 0.30984477124183 0.010723039215686275 0.01184640522875817
57 0.8688725490196078 0.020833333333333332 0.013480392156862746 0.008169934640522878