15 0.5262558232931727 0.4667375 0.0927041499330656 0.0416039156626506
57 0.7981768406961178 0.16810993975903615 0.1398929049531459 0.05308734939759036
54 0.4869079651941098 0.48407919804216865 0.009036144578313253 0.01581325301204819
46 0.7686938420348058 0.7181359186746987 0.08433734939759036 0.05666415662650602
57 0.4136785140562249 0.8621225527108434 0.08467202141900937 0.014118975903614458
57 0.8041053212851405 0.8847040662650602 0.02744310575635877 0.006965361445783132
58 0.9725568942436412 0.7790850903614458 0.025435073627844713 0.009224397590361446
58 0.8289825970548862 0.5826430722891566 0.020080321285140562 0.012801204819277108
58 0.35609103078982596 0.6850527108433735 0.024765729585006693 0.00677710843373494
58 0.8527443105756358 0.5104480421686747 0.022757697456492636 0.008471385542168674
58 0.7827978580990629 0.4773155120481928 0.012717536813922356 0.01223644578313253
58 0.026941097724230253 0.729480421686747 0.013721552878179385 0.01430722891566265