56 0.5051679586563308 0.5671027131782945 0.4186046511627907 0.1385658914728682
28 0.5822566752799311 0.5892684108527132 0.1231696813092162 0.07146317829457365
56 0.5305770887166236 0.6847141472868217 0.35486649440137813 0.1509205426356589
39 0.25775193798449614 0.8527131782945736 0.338931955211025 0.2126937984496124
39 0.3128768303186908 0.7458817829457365 0.2045650301464255 0.07800387596899225
39 0.37295434969853575 0.8506540697674418 0.5133505598621878 0.28512596899224807
39 0.8094315245478036 0.5738856589147286 0.22782084409991388 0.1002906976744186
39 0.8660637381567614 0.5569282945736435 0.056847545219638244 0.06540697674418605
39 0.9293712316968131 0.6365067829457365 0.13781223083548666 0.09714147286821706
39 0.607665805340224 0.7724079457364341 0.13522825150732126 0.09326550387596899
3 0.8229974160206718 0.6905281007751938 0.23169681309216192 0.15528100775193798