5 0.226375 0.16611842105263158 0.03925 0.23355263157894737
41 0.239625 0.24835526315789475 0.06075 0.11074561403508772
7 0.365875 0.534265350877193 0.03775 0.042214912280701754
7 0.418625 0.612390350877193 0.04275 0.05043859649122807
22 0.512375 0.5487938596491229 0.07325 0.2883771929824561
22 0.51325 0.34347587719298245 0.058 0.1387061403508772
5 0.609875 0.4133771929824561 0.05425 0.29276315789473684
22 0.61425 0.3130482456140351 0.0485 0.15899122807017543
5 0.67275 0.28234649122807015 0.053 0.3958333333333333
5 0.705375 0.48081140350877194 0.06525 0.3399122807017544
30 0.46275 0.36211622807017546 0.0575 0.17817982456140352
35 0.398125 0.12856359649122806 0.09225 0.2582236842105263
30 0.753875 0.3338815789473684 0.04125 0.06140350877192982
30 0.765875 0.4076206140350877 0.06475 0.05537280701754386