13 0.7510964912280702 0.444125 0.10307017543859649 0.03175
58 0.706140350877193 0.583 0.007675438596491228 0.006
58 0.7297149122807017 0.601125 0.007675438596491228 0.00725
58 0.753015350877193 0.685125 0.018092105263157895 0.00925
58 0.8193530701754386 0.915125 0.047697368421052634 0.00725
58 0.7790570175438597 0.87325 0.01206140350877193 0.0155
58 0.7900219298245614 0.884375 0.01644736842105263 0.01375
58 0.796875 0.883 0.014802631578947368 0.0135
58 0.7870065789473685 0.90125 0.018092105263157895 0.014
58 0.8144188596491229 0.831125 0.0268640350877193 0.00375
58 0.8023574561403509 0.767625 0.015899122807017545 0.01125
58 0.7976973684210527 0.78375 0.021929824561403508 0.01
58 0.7708333333333334 0.660875 0.021929824561403508 0.00675
57 0.6491228070175439 0.14175 0.01425438596491228 0.004
57 0.7935855263157895 0.672 0.046600877192982455 0.0175