11 0.4928728070175439 0.495 0.10197368421052626 0.023499999999999945
49 0.45805921052631576 0.495875 0.02138157894736842 0.007249999999999943
30 0.5786732456140351 0.43012500000000004 0.053179824561403445 0.02325
58 0.6247258771929824 0.47075000000000006 0.03453947368421053 0.008
58 0.48848684210526316 0.4865 0.02412280701754392 0.008
58 0.5008223684210525 0.48662500000000003 0.015899122807017545 0.00675
58 0.5265899122807017 0.48325 0.018092105263157958 0.003
58 0.37088815789473684 0.536625 0.022478070175438597 0.00825
58 0.38596491228070173 0.5085 0.010964912280701754 0.01
32 0.37033991228070173 0.51525 0.03673245614035088 0.013999999999999943
32 0.28426535087719296 0.5125 0.03782894736842105 0.0125
58 0.25548245614035087 0.55325 0.01425438596491228 0.011
58 0.29851973684210525 0.54875 0.020285087719298246 0.0105
58 0.13952850877192982 0.612875 0.020285087719298246 0.01175
58 0.0649671052631579 0.642125 0.013706140350877192 0.01075
58 0.17434210526315788 0.565375 0.03070175438596491 0.00825
35 0.11047149122807018 0.599625 0.14418859649122806 0.08675