3 0.119 0.16449978344298244 0.1145 0.21820174890350874
6 0.071375 0.2533155701754386 0.01925 0.03837719298245614
57 0.099125 0.07623223958333333 0.05075 0.07017543311403508
57 0.2705 0.4616489035087719 0.1065 0.13596491228070176
57 0.236625 0.4627453947368421 0.04775 0.10197368421052631
53 0.590625 0.5148287280701755 0.06575 0.11293859649122813
57 0.6196131 0.5077015350877193 0.02075 0.0581140350877193
4 0.6652738 0.27003706140350875 0.042 0.0762061403508772
57 0.7597738 0.4970107456140351 0.016 0.0356359649122807
57 0.7427738 0.4791927631578947 0.008 0.006578947368421052
57 0.34542860000000003 0.8914734649122807 0.014 0.03070175438596491
57 0.2725893 0.37858969298245615 0.01425 0.03234649122807018
57 0.8321488 0.2546861842105263 0.01575 0.010416666666666666