5 0.01775 0.7913925438596491 0.0355 0.05866228070175439
38 0.27975 0.7826206140350878 0.068 0.06414473684210527
57 0.31275 0.9690241228070176 0.0495 0.06085526315789474
57 0.16075 0.7996162280701754 0.01 0.06524122807017543
57 0.572875 0.9369517543859649 0.02775 0.051535087719298246
5 0.664875 0.9224232456140351 0.03575 0.15296052631578946
57 0.726125 0.2362938596491228 0.01825 0.039473684210526314
57 0.41625 0.6195175438596491 0.0195 0.05592105263157895
57 0.6855 0.7875548245614035 0.0275 0.027960526315789474
57 0.03775 0.6855811403508771 0.045 0.03234649122807018
58 0.766 0.7382127192982456 0.0095 0.01918859649122807
57 0.831875 0.6515899122807017 0.02375 0.04550438596491228
35 0.553 0.7368421052631579 0.042 0.0537280701754386
57 0.69275 0.8177083333333334 0.019 0.03892543859649123