35 0.0125 0.15405701754385964 0.0245 0.04605263157894739
4 0.16 0.25548245614035087 0.062 0.09758771929824561
4 0.196875 0.22395833333333334 0.06125 0.10471491228070179
35 0.13925 0.21052631578947367 0.0345 0.04824561403508772
35 0.1095 0.10471491228070176 0.019500000000000014 0.03837719298245614
38 0.1955 0.3516995614035088 0.0165 0.03782894736842105
20 0.295 0.4876644736842105 0.025 0.055372807017543796
57 0.41575 0.44243421052631576 0.021999999999999943 0.061403508771929884
39 0.563375 0.22697368421052633 0.07475 0.06469298245614036
35 0.546375 0.36047149122807015 0.07174999999999994 0.07949561403508772
35 0.7505 0.18612938596491227 0.05 0.11567982456140351
57 0.328125 0.24424342105263158 0.04225 0.08168859649122807
57 0.342875 0.3423793859649123 0.02425 0.04331140350877193
57 0.077375 0.14089912280701755 0.04925 0.05921052631578949