32 0.5005482456140351 0.0455 0.0668859649122807 0.012499999999999994
11 0.5041118421052632 0.46725 0.11019736842105263 0.0235
58 0.5416666666666666 0.49275 0.00877192982456134 0.010999999999999944
58 0.6600877192982456 0.47700000000000004 0.02412280701754386 0.009
58 0.26535087719298245 0.57325 0.013157894736842105 0.013
58 0.37417763157894735 0.61825 0.030153508771929825 0.0105
58 0.3774671052631579 0.622125 0.020285087719298246 0.00725
58 0.20531798245614036 0.7255 0.05098684210526313 0.008
58 0.22341008771929824 0.712875 0.02138157894736842 0.01475
58 0.12033991228070176 0.79225 0.022478070175438597 0.019
58 0.3588267543859649 0.950625 0.044407894736842105 0.015750000000000115
58 0.6916118421052632 0.93725 0.03125 0.015
58 0.2532894736842105 0.572 0.01206140350877193 0.0095
58 0.5748355263157895 0.463375 0.015899122807017545 0.00975
58 0.6288377192982456 0.39525 0.010964912280701754 0.006
57 0.6392543859649122 0.078625 0.01425438596491228 0.00325
57 0.9449013157894737 0.95775 0.04111842105263171 0.035999999999999886
57 0.5287828947368421 0.798375 0.03453947368421053 0.02825
57 0.08141447368421052 0.731375 0.042214912280701754 0.02475
57 0.2362938596491228 0.7465 0.06359649122807018 0.0175
38 0.02275219298245614 0.767125 0.024671052631578948 0.01125