39 0.3418311403508772 0.57725 0.08168859649122807 0.046
35 0.659265350877193 0.608875 0.2669956140350877 0.06725
57 0.7552083333333334 0.659375 0.047697368421052634 0.01875
57 0.6463815789473685 0.93275 0.21710526315789475 0.0475
35 0.9416118421052632 0.856875 0.06633771929824561 0.02225
57 0.4043311403508772 0.786625 0.047697368421052634 0.02775
57 0.9353070175438597 0.641 0.12828947368421054 0.0595
57 0.9862938596491229 0.87325 0.023026315789473683 0.037
57 0.8481359649122807 0.574375 0.17982456140350878 0.02775
35 0.7609649122807017 0.473875 0.04824561403508772 0.01875
57 0.9325657894736842 0.523125 0.05043859649122807 0.02025