35 0.24945175438596492 0.569 0.0668859649122807 0.028
58 0.41228070175438597 0.588625 0.02850877192982456 0.00425
58 0.42543859649122806 0.632125 0.01644736842105263 0.01125
58 0.2524671052631579 0.597375 0.012609649122807048 0.00875
58 0.5868969298245614 0.667875 0.03673245614035088 0.01975
58 0.5668859649122807 0.686 0.019736842105263157 0.0135
58 0.6145833333333334 0.672625 0.03399122807017544 0.00525
58 0.6746162280701754 0.80275 0.01918859649122807 0.0145
58 0.7637061403508771 0.81225 0.01644736842105263 0.012000000000000113
58 0.6907894736842105 0.5775 0.03289473684210526 0.007
58 0.11705043859649122 0.54875 0.030153508771929825 0.0095