8 0.40046296296296297 0.7211061507936508 0.36243386243386244 0.25669642857142855
8 0.2078373015873016 0.5758928571428571 0.05654761904761905 0.04265873015873016
8 0.23363095238095238 0.6063988095238095 0.03802910052910053 0.017857142857142856
8 0.3186177248677249 0.7125496031746031 0.05588624338624339 0.0441468253968254
8 0.22850529100529102 0.7145337301587301 0.04365079365079365 0.010912698412698412
8 0.2853835978835979 0.7121775793650794 0.027777777777777776 0.02554563492063492
8 0.3316798941798942 0.9299355158730159 0.057539682539682536 0.04439484126984127
8 0.36789021164021163 0.9078621031746031 0.02943121693121693 0.035962301587301584
8 0.33994708994708994 0.90625 0.023809523809523808 0.022321428571428572
8 0.7397486772486772 0.697296626984127 0.062169312169312166 0.07366071428571429
8 0.7668650793650794 0.6919642857142857 0.026455026455026454 0.056051587301587304
8 0.7645502645502645 0.6436011904761905 0.028439153439153438 0.039186507936507936
8 0.7599206349206349 0.6540178571428571 0.011904761904761904 0.020337301587301588
8 0.738260582010582 0.6432291666666666 0.03009259259259259 0.03546626984126984
8 0.7321428571428571 0.6324404761904762 0.03306878306878307 0.04117063492063492
8 0.6888227513227513 0.6061507936507936 0.0667989417989418 0.07886904761904762
8 0.6870039682539683 0.6605902777777778 0.060515873015873016 0.029017857142857144
8 0.6673280423280423 0.6822916666666666 0.027116402116402115 0.025297619047619048
8 0.6947751322751323 0.6796875 0.023809523809523808 0.012648809523809524
8 0.6271494708994709 0.6481894841269841 0.05720899470899471 0.08209325396825397
8 0.6397156084656085 0.5662202380952381 0.0248015873015873 0.023809523809523808
8 0.6302910052910053 0.597594246031746 0.018518518518518517 0.031001984126984128
8 0.6101190476190477 0.5858134920634921 0.017195767195767195 0.027281746031746032
8 0.6106150793650794 0.5736607142857143 0.021494708994708994 0.017857142857142856
8 0.591931216931217 0.6711309523809523 0.01917989417989418 0.03373015873015873
8 0.19659391534391535 0.40066964285714285 0.06977513227513228 0.044890873015873016