15 0.2045036764705882 0.5943627450980392 0.05606617647058824 0.07271241830065368
54 0.1793811274509804 0.616421568627451 0.017463235294117647 0.007352941176470495
58 0.2477022058823529 0.5808823529411765 0.04381127450980392 0.06372549019607852
58 0.5791973039215687 0.9054330065359477 0.0340073529411764 0.01184640522875817
58 0.6110600490196079 0.8560049019607843 0.017463235294117647 0.019199346405228943
58 0.5654105392156863 0.7681781045751634 0.016237745098039217 0.0093954248366014
35 0.6415441176470589 0.7628676470588235 0.010416666666666666 0.024918300653594773
57 0.5801164215686274 0.8631535947712419 0.06403186274509803 0.07107843137254911
58 0.9015012254901961 0.8253676470588234 0.013174019607842999 0.029820261437908405
58 0.5583639705882352 0.6825980392156863 0.005208333333333333 0.01633986928104566
58 0.23651960784313725 0.735498366013072 0.015318627450980392 0.015931372549019607
58 0.9330575980392157 0.9934640522875817 0.016237745098039217 0.011437908496732025