3 0.5882352941176471 0.4430147058823529 0.24754901960784303 0.1403186274509804
6 0.49060457516339867 0.48253676470588236 0.05555555555555546 0.03860294117647066
37 0.1975081699346405 0.24908088235294118 0.3941993464052287 0.24877450980392157
-1 0.2542892156862745 0.44730392156862747 0.03145424836601302 0.0196078431372549
57 0.17973856209150324 0.5087316176470589 0.024509803921568627 0.0168504901960785
4 0.15706699346405226 0.4129901960784313 0.24632352941176466 0.08149509803921569
4 0.03186274509803921 0.3636642156862745 0.06372549019607841 0.03553921568627451
6 0.05330882352941176 0.3733149509803921 0.02410130718954247 0.01991421568627451
4 0.026143790849673203 0.6058517156862744 0.051470588235294115 0.25949754901960775
44 0.0647467320261438 0.6253063725490197 0.06576797385620915 0.1409313725490197
7 0.37745098039215685 0.6308210784313726 0.017156862745097992 0.01286764705882339
26 0.0863970588235294 0.5393688725490197 0.08129084967320259 0.05361519607843137
28 0.03901143790849673 0.15517769607843138 0.07802287581699346 0.047487745098039234