4 0.637609649122807 0.470375 0.1699561403508772 0.05175
4 0.5235745614035088 0.500625 0.1611842105263158 0.03075
6 0.7077850877192983 0.488125 0.03289473684210526 0.01475
13 0.4605263157894737 0.45675 0.05482456140350877 0.041
57 0.3418311403508772 0.49725 0.08168859649122807 0.0455
57 0.11019736842105263 0.779375 0.18640350877192982 0.06625
51 0.8081140350877193 0.883 0.06798245614035088 0.0095
57 0.7351973684210527 0.5465 0.043859649122807015 0.019
51 0.39555921052631576 0.716 0.0805921052631579 0.007
56 0.5866228070175439 0.435875 0.1611842105263158 0.05625
-1 0.5540021929824561 0.56575 0.02138157894736842 0.011