16 0.3887019230769231 0.4403846153846154 0.37548076923076923 0.4756410256410256
11 0.24134615384615385 0.5608974358974359 0.06153846153846154 0.052564102564102565
11 0.24615384615384617 0.638301282051282 0.047115384615384615 0.10544871794871795
11 0.29134615384615387 0.6299679487179487 0.04423076923076923 0.10544871794871795
11 0.31802884615384613 0.6331730769230769 0.06298076923076923 0.08878205128205129
11 0.23810096153846153 0.7208333333333333 0.084375 0.06346153846153846
11 0.2152644230769231 0.7967948717948717 0.05456730769230769 0.09487179487179487
11 0.2764423076923077 0.811698717948718 0.06442307692307692 0.11506410256410256
11 0.35360576923076925 0.8280448717948717 0.07836538461538461 0.1092948717948718
11 0.3213942307692308 0.7318910256410256 0.08125 0.0907051282051282
11 0.3682692307692308 0.6996794871794871 0.08461538461538462 0.08782051282051281
11 0.4835336538461538 0.6011217948717948 0.08149038461538462 0.11570512820512821
11 0.5143028846153846 0.7778846153846154 0.06081730769230769 0.12243589743589743
11 0.6016826923076923 0.4028846153846154 0.06875 0.12564102564102564
11 0.6614182692307692 0.3455128205128205 0.09783653846153846 0.11089743589743589
11 0.8759615384615385 0.47644230769230766 0.06923076923076923 0.13942307692307693
49 0.6991586538461538 0.31634615384615383 0.014663461538461538 0.021794871794871794
49 0.5064903846153846 0.5623397435897436 0.010096153846153847 0.009294871794871795
49 0.29146634615384615 0.7639423076923076 0.010817307692307692 0.0125
49 0.6204326923076923 0.46442307692307694 0.010096153846153847 0.008333333333333333