21 0.12268518518518519 0.32180059523809523 0.24404761904761904 0.2160218253968254
21 0.19378306878306878 0.42075892857142855 0.29894179894179895 0.20461309523809523
5 0.4666005291005291 0.2371031746031746 0.5072751322751323 0.2569444444444444
26 0.5950727513227513 0.28422619047619047 0.16435185185185186 0.21577380952380953
26 0.4955357142857143 0.4079861111111111 0.21197089947089948 0.13740079365079366
20 0.8210978835978836 0.29538690476190477 0.3578042328042328 0.2614087301587302
19 0.8004298941798942 0.5481150793650794 0.39914021164021163 0.2628968253968254
11 0.4732142857142857 0.7806299603174603 0.38756613756613756 0.263640873015873
44 0.4958664021164021 0.4103422619047619 0.21263227513227514 0.1416170634920635
57 0.2865410052910053 0.39372519841269843 0.148478835978836 0.109375
55 0.5686177248677249 0.3060515873015873 0.2748015873015873 0.07043650793650794