54 0.5407585576923077 0.23931432692307694 0.13173076923076923 0.03004807692307695
54 0.4686737179487179 0.12056432692307692 0.12532051282051282 0.008413461538461538
54 0.39873320512820515 0.13005951923076922 0.05512820512820513 0.14711538461538462
54 0.7376907692307693 0.54520375 0.047115384615384615 0.16634615384615378
54 0.37948717948717947 0.38366528846153847 0.06794871794871794 0.12451923076923077
54 0.16501067948717948 0.27608745192307693 0.07019229487179486 0.11105769230769227
54 0.4306242307692308 0.7671760576923077 0.11762820512820513 0.031971153846153844
54 0.42857141025641027 0.5727621153846154 0.07243589743589744 0.09975961538461539
54 0.21124083333333335 0.27196658653846156 0.008653846153846154 0.060096153846153876
54 0.17849512019230768 0.5037030769230769 0.05833334935897437 0.046874999999999944
54 0.09811508012820513 0.6454326923076923 0.09583333333333334 0.03317307692307692
54 0.39935134615384615 0.5248225961538462 0.07852564102564102 0.023317307692307693
54 0.3571733974358975 0.7982600961538462 0.007051282051282051 0.06201923076923077
54 0.35692153846153846 0.6649610576923076 0.007371794871794872 0.017788461538461538
54 0.31401097756410257 0.837030673076923 0.09615381410256407 0.08269230769230769
54 0.39766480769230766 0.8389308653846154 0.038461538461538464 0.06057692307692308
54 0.0532051282051282 0.6393429447115385 0.08141025641025641 0.05563185096153846
54 0.1282051282051282 0.5843406730769231 0.04294871794871795 0.008173076923076924
54 0.07163461538461538 0.6481169951923077 0.0919871794871795 0.013221153846153846
54 0.13541666666666666 0.6546760576923077 0.015705128205128205 0.005528846153846154
54 0.4034111538461539 0.5777930528846154 0.015064102564102564 0.028846153846153848
54 0.19246794871794873 0.294585625 0.0125 0.020673076923076922
54 0.3438186698717949 0.4389022596153846 0.06025637820512818 0.0045673076923076926
54 0.13317307692307692 0.7678628846153847 0.0125 0.018028846153846152
35 0.21511753205128206 0.2387133653846154 0.04455128205128205 0.08413461538461542
35 0.24118589743589744 0.4658768269230769 0.06891025641025642 0.08846153846153841
15 0.21794871794871795 0.40781822115384614 0.05448717948717949 0.06707875000000002
35 0.23060897435897437 0.29559865384615386 0.017628205128205128 0.018990384615384614
35 0.3559294871794872 0.3198145673076923 0.03108974358974359 0.09471153846153846
38 0.1544871794871795 0.9811183173076924 0.035897435897435895 0.037259519230769256
57 0.19022435897435896 0.977031826923077 0.015705128205128205 0.013701923076923077
35 0.3402167307692308 0.5166838461538462 0.07820512820512825 0.028102115384615337
35 0.21696429487179486 0.41450322115384614 0.058012820512820515 0.06634615384615385
35 0.12467948717948718 0.7435668269230769 0.046153846153846156 0.016826923076923076
58 0.6863476923076922 0.4057120192307692 0.01891025641025641 0.020673076923076922
28 0.7414301282051282 0.6085908653846154 0.020192307692307693 0.012259615384615384
57 0.7809600000000001 0.47457074519230774 0.09903846153846153 0.06189331730769232