5 0.2337622549019608 0.6088643790849673 0.03676470588235294 0.06004901960784314
57 0.22748161764705882 0.35661764705882354 0.01685049019607843 0.010620915032679739
4 0.41590073529411764 0.36642156862745096 0.03278186274509804 0.014705882352941176
20 0.3867953431372549 0.4264705882352941 0.03216911764705882 0.025326797385620915
4 0.9059436274509803 0.47120098039215685 0.02267156862745098 0.024101307189542485
6 0.8985906862745098 0.47998366013071897 0.0055147058823529415 0.007352941176470588
4 0.8846507352941176 0.5696486928104575 0.05116421568627451 0.023284313725490197
57 0.45557598039215685 0.5902777777777778 0.031862745098039214 0.03676470588235294
35 0.4840686274509804 0.9254493464052288 0.14950980392156862 0.1474673202614379
57 0.5467218137254902 0.8558006535947712 0.03768382352941176 0.056372549019607844
57 0.04886642156862745 0.8496732026143791 0.022365196078431373 0.03104575163398693
57 0.3209252450980392 0.3819444444444444 0.02542892156862745 0.007352941176470588