54 0.6907552083333334 0.827880859375 0.3111979166666667 0.08837890625
6 0.5367838541666666 0.9609375 0.041015625 0.0263671875
57 0.6901041666666666 0.68896484375 0.0625 0.115234375
58 0.6943359375 0.690673828125 0.013671875 0.04052734375
28 0.5791015625 0.5595703125 0.06315104166666667 0.0400390625
38 0.498046875 0.39404296875 0.061197916666666664 0.04296875
31 0.3583984375 0.482421875 0.14908854166666666 0.10546875
57 0.14876302083333334 0.531982421875 0.07356770833333333 0.03759765625
58 0.20084635416666666 0.418212890625 0.059244791666666664 0.04052734375
28 0.3216145833333333 0.19140625 0.07421875 0.0380859375
57 0.7044270833333334 0.505859375 0.055989583333333336 0.0244140625
58 0.6927083333333334 0.901611328125 0.036458333333333336 0.02001953125
57 0.5823567708333334 0.732666015625 0.068359375 0.03466796875
57 0.13541666666666666 0.1357421875 0.014322916666666666 0.017578125