49 0.18294270833333334 0.031005859375 0.020833333333333332 0.01806640625
49 0.7884114583333334 0.441162109375 0.014322916666666666 0.01416015625
49 0.4912109375 0.474853515625 0.016276041666666668 0.01708984375
49 0.40625 0.48583984375 0.022135416666666668 0.009765625
49 0.712890625 0.935791015625 0.018229166666666668 0.01318359375
28 0.572265625 0.953125 0.055989583333333336 0.03125
57 0.4348958333333333 0.24462890625 0.018229166666666668 0.025390625
28 0.12434895833333333 0.151611328125 0.06770833333333333 0.03271484375
58 0.4124348958333333 0.3447265625 0.021484375 0.0166015625
58 0.861328125 0.5361328125 0.020833333333333332 0.0146484375
58 0.017578125 0.691162109375 0.026041666666666668 0.01220703125
58 0.7858072916666666 0.96875 0.015625 0.0087890625
58 0.9267578125 0.95361328125 0.022786458333333332 0.0087890625
58 0.5315755208333334 0.88623046875 0.026692708333333332 0.0166015625