19 0.4601521164021164 0.5861855158730159 0.18617724867724866 0.2309027777777778
26 0.5978835978835979 0.4601934523809524 0.15542328042328044 0.12425595238095238
57 0.5147156084656085 0.8674355158730159 0.04662698412698413 0.023065476190476192
8 0.8556547619047619 0.8453621031746031 0.008928571428571428 0.016617063492063492
8 0.8343253968253969 0.8118799603174603 0.011904761904761904 0.007688492063492063
8 0.8536706349206349 0.6937003968253969 0.010912698412698412 0.005952380952380952
8 0.7334656084656085 0.7590525793650794 0.011243386243386243 0.009176587301587302
8 0.47602513227513227 0.7425595238095238 0.012235449735449735 0.012896825396825396
8 0.5347222222222222 0.8180803571428571 0.017857142857142856 0.012152777777777778
8 0.5209986772486772 0.8411458333333334 0.015542328042328041 0.007688492063492063
8 0.7528108465608465 0.9919394841269841 0.012896825396825396 0.012152777777777778
8 0.8349867724867724 0.6118551587301587 0.012566137566137565 0.008432539682539682
8 0.0873015873015873 0.9026537698412699 0.00992063492063492 0.011656746031746032
8 0.8816137566137566 0.7911706349206349 0.006613756613756613 0.00744047619047619
8 0.7199074074074074 0.7770337301587301 0.010582010582010581 0.006944444444444444
8 0.9497354497354498 0.7941468253968254 0.011904761904761904 0.00744047619047619
8 0.9140211640211641 0.7979910714285714 0.006613756613756613 0.006696428571428571