57 0.20458984375 0.166015625 0.052734375 0.028645833333333332
20 0.558349609375 0.21940104166666666 0.03173828125 0.026041666666666668
4 0.33447265625 0.5279947916666666 0.0947265625 0.053385416666666664
57 0.056884765625 0.123046875 0.02392578125 0.037760416666666664
4 0.412109375 0.4547526041666667 0.044921875 0.047526041666666664
20 0.388671875 0.455078125 0.0390625 0.045572916666666664
57 0.564208984375 0.6292317708333334 0.03271484375 0.039713541666666664
4 0.9501953125 0.6188151041666666 0.0986328125 0.076171875
48 0.43798828125 0.564453125 0.064453125 0.01171875
57 0.496337890625 0.10481770833333333 0.04736328125 0.014322916666666666
57 0.85009765625 0.298828125 0.046875 0.029947916666666668