35 0.07682291666666667 0.286865234375 0.13802083333333334 0.04345703125
6 0.08723958333333333 0.342529296875 0.06640625 0.05029296875
35 0.13509114583333334 0.393798828125 0.07096354166666667 0.05419921875
54 0.12760416666666666 0.47216796875 0.23958333333333334 0.0146484375
57 0.2711588541666667 0.279541015625 0.07877604166666667 0.02587890625
58 0.3665364583333333 0.427978515625 0.018229166666666668 0.03564453125
48 0.2685546875 0.682861328125 0.119140625 0.14013671875
48 0.8873697916666666 0.550537109375 0.08203125 0.10888671875
48 0.5638020833333334 0.748046875 0.10807291666666667 0.1025390625
38 0.8974609375 0.693359375 0.130859375 0.0703125
44 0.6402994791666666 0.49951171875 0.046223958333333336 0.046875
54 0.7350260416666666 0.5283203125 0.22265625 0.1298828125
38 0.7620442708333334 0.373291015625 0.033203125 0.03271484375
35 0.8932291666666666 0.423583984375 0.10677083333333333 0.07470703125
38 0.6943359375 0.470947265625 0.034505208333333336 0.04052734375
35 0.767578125 0.589111328125 0.026041666666666668 0.03564453125
54 0.7893880208333334 0.983154296875 0.007161458333333333 0.02880859375
54 0.7171223958333334 0.9853515625 0.076171875 0.02734375
57 0.09505208333333333 0.951904296875 0.06510416666666667 0.02783203125
54 0.4189453125 0.42138671875 0.185546875 0.0654296875
30 0.14095052083333334 0.158203125 0.15169270833333334 0.1171875
35 0.3434244791666667 0.31396484375 0.048828125 0.02734375
58 0.3258463541666667 0.6376953125 0.030598958333333332 0.013671875
58 0.3697916666666667 0.6328125 0.018229166666666668 0.0302734375
58 0.11783854166666667 0.765869140625 0.029947916666666668 0.02587890625
58 0.8330078125 0.84765625 0.022786458333333332 0.025390625
58 0.4534505208333333 0.632080078125 0.027994791666666668 0.02685546875
58 0.6891276041666666 0.4248046875 0.014973958333333334 0.01953125
58 0.7770182291666666 0.408935546875 0.037109375 0.01806640625